service_id,monday,tuesday,wednesday,thursday,friday,saturday,sunday,start_date,end_date
T4@3,0,0,0,0,0,0,1,20140117,20140417
10.51@2,0,0,0,0,0,1,0,20140117,20140417
10.51@5,0,0,0,0,0,0,0,20140117,20140417
T52@1,1,1,1,1,1,0,0,20140117,20140417
A143@1,1,1,1,1,1,0,0,20140117,20140417
149@3,0,0,0,0,0,0,1,20140117,20140417
177@1,1,1,1,1,1,0,0,20140117,20140417
179@1,1,1,1,1,1,0,0,20140117,20140417
180@1,1,1,1,1,1,0,0,20140117,20140417
184@2,0,0,0,0,0,1,0,20140117,20140417
184@5,0,0,0,0,0,0,0,20140117,20140417
216@3,0,0,0,0,0,0,1,20140117,20140417
R10@2,0,0,0,0,0,1,0,20140117,20140417
1102@1,1,1,1,1,1,0,0,20140117,20140417
A10@3,0,0,0,0,0,0,1,20140117,20140417
2141@1,1,1,1,1,1,0,0,20140117,20140417
A11@1,1,1,1,1,1,0,0,20140117,20140417
A17@5,0,0,0,0,0,0,0,20140117,20140417
A13@2,0,0,0,0,0,1,0,20140117,20140417
A13@5,0,0,0,0,0,0,0,20140117,20140417
251@1,1,1,1,1,1,0,0,20140117,20140417
254@3,0,0,0,0,0,0,1,20140117,20140417
2602@1,1,1,1,1,1,0,0,20140117,20140417
2632@1,1,1,1,1,1,0,0,20140117,20140417
A87@3,0,0,0,0,0,0,1,20140117,20140417
2682@2,0,0,0,0,0,1,0,20140117,20140417
2682@5,0,0,0,0,0,0,0,20140117,20140417
2671@2,0,0,0,0,0,1,0,20140117,20140417
2671@5,0,0,0,0,0,0,0,20140117,20140417
A741@2,0,0,0,0,0,1,0,20140117,20140417
2801@2,0,0,0,0,0,1,0,20140117,20140417
281@1,1,1,1,1,1,0,0,20140117,20140417
A86@1,1,1,1,1,1,0,0,20140117,20140417
03.3@2,0,0,0,0,0,1,0,20140117,20140417
T3@2,0,0,0,0,0,1,0,20140117,20140417
10.41@1,1,1,1,1,1,0,0,20140117,20140417
10.1@1,1,1,1,1,1,0,0,20140117,20140417
E101@1,1,1,1,1,1,0,0,20140117,20140417
T1D@2,0,0,0,0,0,1,0,20140117,20140417
T51@3,0,0,0,0,0,0,1,20140117,20140417
T11@2,0,0,0,0,0,1,0,20140117,20140417
T11@5,0,0,0,0,0,0,0,20140117,20140417
T1@2,0,0,0,0,0,1,0,20140117,20140417
T1@5,0,0,0,0,0,0,0,20140117,20140417
E10@2,0,0,0,0,0,1,0,20140117,20140417
E10@5,0,0,0,0,0,0,0,20140117,20140417
E10@3,0,0,0,0,0,0,1,20140117,20140417
T2A2@3,0,0,0,0,0,0,1,20140117,20140417
T22@5,0,0,0,0,0,0,0,20140117,20140417
E6011@1,1,1,1,1,1,0,0,20140117,20140417
2441@3,0,0,0,0,0,0,1,20140117,20140417
178@2,0,0,0,0,0,1,0,20140117,20140417
T2@1,1,1,1,1,1,0,0,20140117,20140417
10.4@1,1,1,1,1,1,0,0,20140117,20140417
T3@3,0,0,0,0,0,0,1,20140117,20140417
10.4@2,0,0,0,0,0,1,0,20140117,20140417
T11@1,1,1,1,1,1,0,0,20140117,20140417
T11A@1,1,1,1,1,1,0,0,20140117,20140417
E10@1,1,1,1,1,1,0,0,20140117,20140417
T2A1@1,1,1,1,1,1,0,0,20140117,20140417
T1@3,0,0,0,0,0,0,1,20140117,20140417
T22@3,0,0,0,0,0,0,1,20140117,20140417
T3@1,1,1,1,1,1,0,0,20140117,20140417
GT4@2,0,0,0,0,0,1,0,20140117,20140417
T51@1,1,1,1,1,1,0,0,20140117,20140417
10.52@1,1,1,1,1,1,0,0,20140117,20140417
340@3,0,0,0,0,0,0,1,20140117,20140417
D43@1,1,1,1,1,1,0,0,20140117,20140417
10.41@2,0,0,0,0,0,1,0,20140117,20140417
10.5@1,1,1,1,1,1,0,0,20140117,20140417
178@5,0,0,0,0,0,0,0,20140117,20140417
C80@5,0,0,0,0,0,0,0,20140117,20140417
T9@3,0,0,0,0,0,0,1,20140117,20140417
171@1,1,1,1,1,1,0,0,20140117,20140417
E6011@2,0,0,0,0,0,1,0,20140117,20140417
E6011@5,0,0,0,0,0,0,0,20140117,20140417
10.52@2,0,0,0,0,0,1,0,20140117,20140417
10.52@5,0,0,0,0,0,0,0,20140117,20140417
2821@3,0,0,0,0,0,0,1,20140117,20140417
188@2,0,0,0,0,0,1,0,20140117,20140417
10.5@2,0,0,0,0,0,1,0,20140117,20140417
10.5@5,0,0,0,0,0,0,0,20140117,20140417
1713@1,1,1,1,1,1,0,0,20140117,20140417
173@5,0,0,0,0,0,0,0,20140117,20140417
T2A2@5,0,0,0,0,0,0,0,20140117,20140417
10.3@1,1,1,1,1,1,0,0,20140117,20140417
T52@2,0,0,0,0,0,1,0,20140117,20140417
T52@5,0,0,0,0,0,0,0,20140117,20140417
1761@1,1,1,1,1,1,0,0,20140117,20140417
178@1,1,1,1,1,1,0,0,20140117,20140417
10.52@3,0,0,0,0,0,0,1,20140117,20140417
T6@1,1,1,1,1,1,0,0,20140117,20140417
1491@3,0,0,0,0,0,0,1,20140117,20140417
TR60@1,1,1,1,1,1,0,0,20140117,20140417
T6@3,0,0,0,0,0,0,1,20140117,20140417
T9@2,0,0,0,0,0,1,0,20140117,20140417
T10@1,1,1,1,1,1,0,0,20140117,20140417
A141@1,1,1,1,1,1,0,0,20140117,20140417
195@2,0,0,0,0,0,1,0,20140117,20140417
195@5,0,0,0,0,0,0,0,20140117,20140417
188@5,0,0,0,0,0,0,0,20140117,20140417
195@1,1,1,1,1,1,0,0,20140117,20140417
R5@1,1,1,1,1,1,0,0,20140117,20140417
173@2,0,0,0,0,0,1,0,20140117,20140417
T4@2,0,0,0,0,0,1,0,20140117,20140417
T6@2,0,0,0,0,0,1,0,20140117,20140417
T2A@2,0,0,0,0,0,1,0,20140117,20140417
T2A@5,0,0,0,0,0,0,0,20140117,20140417
E101@2,0,0,0,0,0,1,0,20140117,20140417
T3@5,0,0,0,0,0,0,0,20140117,20140417
179@2,0,0,0,0,0,1,0,20140117,20140417
179@5,0,0,0,0,0,0,0,20140117,20140417
T6@5,0,0,0,0,0,0,0,20140117,20140417
T62@1,1,1,1,1,1,0,0,20140117,20140417
T4@5,0,0,0,0,0,0,0,20140117,20140417
GT4@1,1,1,1,1,1,0,0,20140117,20140417
A142@1,1,1,1,1,1,0,0,20140117,20140417
1491@2,0,0,0,0,0,1,0,20140117,20140417
T9@5,0,0,0,0,0,0,0,20140117,20140417
A14@2,0,0,0,0,0,1,0,20140117,20140417
20.2@3,0,0,0,0,0,0,1,20140117,20140417
20.4@1,1,1,1,1,1,0,0,20140117,20140417
176@1,1,1,1,1,1,0,0,20140117,20140417
M79@3,0,0,0,0,0,0,1,20140117,20140417
T9@1,1,1,1,1,1,0,0,20140117,20140417
A14@1,1,1,1,1,1,0,0,20140117,20140417
A141@3,0,0,0,0,0,0,1,20140117,20140417
149@2,0,0,0,0,0,1,0,20140117,20140417
10.5@3,0,0,0,0,0,0,1,20140117,20140417
10.51@3,0,0,0,0,0,0,1,20140117,20140417
20.6@3,0,0,0,0,0,0,1,20140117,20140417
209@2,0,0,0,0,0,1,0,20140117,20140417
244@3,0,0,0,0,0,0,1,20140117,20140417
2441@1,1,1,1,1,1,0,0,20140117,20140417
280@1,1,1,1,1,1,0,0,20140117,20140417
186@3,0,0,0,0,0,0,1,20140117,20140417
171@3,0,0,0,0,0,0,1,20140117,20140417
173@1,1,1,1,1,1,0,0,20140117,20140417
177@3,0,0,0,0,0,0,1,20140117,20140417
1792@1,1,1,1,1,1,0,0,20140117,20140417
376@1,1,1,1,1,1,0,0,20140117,20140417
394@3,0,0,0,0,0,0,1,20140117,20140417
20.11@1,1,1,1,1,1,0,0,20140117,20140417
M20.2@3,0,0,0,0,0,0,1,20140117,20140417
177@2,0,0,0,0,0,1,0,20140117,20140417
177@5,0,0,0,0,0,0,0,20140117,20140417
C801@1,1,1,1,1,1,0,0,20140117,20140417
C802@1,1,1,1,1,1,0,0,20140117,20140417
10.3@3,0,0,0,0,0,0,1,20140117,20140417
C80@2,0,0,0,0,0,1,0,20140117,20140417
209@5,0,0,0,0,0,0,0,20140117,20140417
110@1,1,1,1,1,1,0,0,20140117,20140417
A15@2,0,0,0,0,0,1,0,20140117,20140417
216@2,0,0,0,0,0,1,0,20140117,20140417
TR62@1,1,1,1,1,1,0,0,20140117,20140417
1715@1,1,1,1,1,1,0,0,20140117,20140417
T52@3,0,0,0,0,0,0,1,20140117,20140417
A14@3,0,0,0,0,0,0,1,20140117,20140417
1491@5,0,0,0,0,0,0,0,20140117,20140417
244@1,1,1,1,1,1,0,0,20140117,20140417
187@2,0,0,0,0,0,1,0,20140117,20140417
187@5,0,0,0,0,0,0,0,20140117,20140417
M10@5,0,0,0,0,0,0,0,20140117,20140417
255@5,0,0,0,0,0,0,0,20140117,20140417
20.61@2,0,0,0,0,0,1,0,20140117,20140417
20.61@5,0,0,0,0,0,0,0,20140117,20140417
176@3,0,0,0,0,0,0,1,20140117,20140417
C80@3,0,0,0,0,0,0,1,20140117,20140417
20.2@1,1,1,1,1,1,0,0,20140117,20140417
209@3,0,0,0,0,0,0,1,20140117,20140417
149@5,0,0,0,0,0,0,0,20140117,20140417
176@2,0,0,0,0,0,1,0,20140117,20140417
187@1,1,1,1,1,1,0,0,20140117,20140417
20.5@1,1,1,1,1,1,0,0,20140117,20140417
256@2,0,0,0,0,0,1,0,20140117,20140417
2571@3,0,0,0,0,0,0,1,20140117,20140417
216@5,0,0,0,0,0,0,0,20140117,20140417
R101@3,0,0,0,0,0,0,1,20140117,20140417
A395@2,0,0,0,0,0,1,0,20140117,20140417
A395@5,0,0,0,0,0,0,0,20140117,20140417
3141@5,0,0,0,0,0,0,0,20140117,20140417
A1@1,1,1,1,1,1,0,0,20140117,20140417
266@2,0,0,0,0,0,1,0,20140117,20140417
266@5,0,0,0,0,0,0,0,20140117,20140417
M10@2,0,0,0,0,0,1,0,20140117,20140417
2541@1,1,1,1,1,1,0,0,20140117,20140417
A14@5,0,0,0,0,0,0,0,20140117,20140417
M79@1,1,1,1,1,1,0,0,20140117,20140417
10.51@1,1,1,1,1,1,0,0,20140117,20140417
T51@2,0,0,0,0,0,1,0,20140117,20140417
2672@2,0,0,0,0,0,1,0,20140117,20140417
2722@2,0,0,0,0,0,1,0,20140117,20140417
210@3,0,0,0,0,0,0,1,20140117,20140417
110@2,0,0,0,0,0,1,0,20140117,20140417
176@5,0,0,0,0,0,0,0,20140117,20140417
180@2,0,0,0,0,0,1,0,20140117,20140417
2821@2,0,0,0,0,0,1,0,20140117,20140417
2821@5,0,0,0,0,0,0,0,20140117,20140417
A09@3,0,0,0,0,0,0,1,20140117,20140417
2541@5,0,0,0,0,0,0,0,20140117,20140417
282@3,0,0,0,0,0,0,1,20140117,20140417
2821@1,1,1,1,1,1,0,0,20140117,20140417
2441@2,0,0,0,0,0,1,0,20140117,20140417
2441@5,0,0,0,0,0,0,0,20140117,20140417
255@1,1,1,1,1,1,0,0,20140117,20140417
256@1,1,1,1,1,1,0,0,20140117,20140417
A09@1,1,1,1,1,1,0,0,20140117,20140417
R16@1,1,1,1,1,1,0,0,20140117,20140417
2701@2,0,0,0,0,0,1,0,20140117,20140417
165@2,0,0,0,0,0,1,0,20140117,20140417
1714@1,1,1,1,1,1,0,0,20140117,20140417
178@3,0,0,0,0,0,0,1,20140117,20140417
2561@1,1,1,1,1,1,0,0,20140117,20140417
250@2,0,0,0,0,0,1,0,20140117,20140417
289@2,0,0,0,0,0,1,0,20140117,20140417
2843@1,1,1,1,1,1,0,0,20140117,20140417
C80@1,1,1,1,1,1,0,0,20140117,20140417
282@2,0,0,0,0,0,1,0,20140117,20140417
R4@1,1,1,1,1,1,0,0,20140117,20140417
A17@2,0,0,0,0,0,1,0,20140117,20140417
1841@1,1,1,1,1,1,0,0,20140117,20140417
186@2,0,0,0,0,0,1,0,20140117,20140417
282@5,0,0,0,0,0,0,0,20140117,20140417
188@1,1,1,1,1,1,0,0,20140117,20140417
2602@2,0,0,0,0,0,1,0,20140117,20140417
2602@5,0,0,0,0,0,0,0,20140117,20140417
E6011@3,0,0,0,0,0,0,1,20140117,20140417
1491@1,1,1,1,1,1,0,0,20140117,20140417
186@5,0,0,0,0,0,0,0,20140117,20140417
188@3,0,0,0,0,0,0,1,20140117,20140417
3141@2,0,0,0,0,0,1,0,20140117,20140417
250@5,0,0,0,0,0,0,0,20140117,20140417
2822@1,1,1,1,1,1,0,0,20140117,20140417
1861@1,1,1,1,1,1,0,0,20140117,20140417
262@3,0,0,0,0,0,0,1,20140117,20140417
2701@5,0,0,0,0,0,0,0,20140117,20140417
10.1@2,0,0,0,0,0,1,0,20140117,20140417
T1D@1,1,1,1,1,1,0,0,20140117,20140417
D63@1,1,1,1,1,1,0,0,20140117,20140417
165@5,0,0,0,0,0,0,0,20140117,20140417
3974@2,0,0,0,0,0,1,0,20140117,20140417
R31@2,0,0,0,0,0,1,0,20140117,20140417
M79@2,0,0,0,0,0,1,0,20140117,20140417
M79@5,0,0,0,0,0,0,0,20140117,20140417
T1@1,1,1,1,1,1,0,0,20140117,20140417
T11@3,0,0,0,0,0,0,1,20140117,20140417
2562@3,0,0,0,0,0,0,1,20140117,20140417
257@1,1,1,1,1,1,0,0,20140117,20140417
20.1@2,0,0,0,0,0,1,0,20140117,20140417
20.11@2,0,0,0,0,0,1,0,20140117,20140417
266@3,0,0,0,0,0,0,1,20140117,20140417
A66@1,1,1,1,1,1,0,0,20140117,20140417
2632@3,0,0,0,0,0,0,1,20140117,20140417
A87@1,1,1,1,1,1,0,0,20140117,20140417
274@1,1,1,1,1,1,0,0,20140117,20140417
2814@3,0,0,0,0,0,0,1,20140117,20140417
20.12@2,0,0,0,0,0,1,0,20140117,20140417
20.61@1,1,1,1,1,1,0,0,20140117,20140417
251@3,0,0,0,0,0,0,1,20140117,20140417
254@1,1,1,1,1,1,0,0,20140117,20140417
286@2,0,0,0,0,0,1,0,20140117,20140417
286@5,0,0,0,0,0,0,0,20140117,20140417
289@3,0,0,0,0,0,0,1,20140117,20140417
A69@2,0,0,0,0,0,1,0,20140117,20140417
3985@1,1,1,1,1,1,0,0,20140117,20140417
40.41@1,1,1,1,1,1,0,0,20140117,20140417
186@1,1,1,1,1,1,0,0,20140117,20140417
187@3,0,0,0,0,0,0,1,20140117,20140417
R22@1,1,1,1,1,1,0,0,20140117,20140417
R1@1,1,1,1,1,1,0,0,20140117,20140417
A69@5,0,0,0,0,0,0,0,20140117,20140417
2843@2,0,0,0,0,0,1,0,20140117,20140417
195@3,0,0,0,0,0,0,1,20140117,20140417
20.5@2,0,0,0,0,0,1,0,20140117,20140417
431@2,0,0,0,0,0,1,0,20140117,20140417
431@5,0,0,0,0,0,0,0,20140117,20140417
288@5,0,0,0,0,0,0,0,20140117,20140417
A942@3,0,0,0,0,0,0,1,20140117,20140417
A841@1,1,1,1,1,1,0,0,20140117,20140417
A74@1,1,1,1,1,1,0,0,20140117,20140417
184@1,1,1,1,1,1,0,0,20140117,20140417
1871@1,1,1,1,1,1,0,0,20140117,20140417
436@1,1,1,1,1,1,0,0,20140117,20140417
4381@3,0,0,0,0,0,0,1,20140117,20140417
20.2@2,0,0,0,0,0,1,0,20140117,20140417
20.2@5,0,0,0,0,0,0,0,20140117,20140417
D67@1,1,1,1,1,1,0,0,20140117,20140417
R67@1,1,1,1,1,1,0,0,20140117,20140417
271@3,0,0,0,0,0,0,1,20140117,20140417
264@2,0,0,0,0,0,1,0,20140117,20140417
270@2,0,0,0,0,0,1,0,20140117,20140417
270@5,0,0,0,0,0,0,0,20140117,20140417
210@2,0,0,0,0,0,1,0,20140117,20140417
210@5,0,0,0,0,0,0,0,20140117,20140417
2843@5,0,0,0,0,0,0,0,20140117,20140417
168@2,0,0,0,0,0,1,0,20140117,20140417
264@5,0,0,0,0,0,0,0,20140117,20140417
2661@1,1,1,1,1,1,0,0,20140117,20140417
268@1,1,1,1,1,1,0,0,20140117,20140417
267@1,1,1,1,1,1,0,0,20140117,20140417
M20.2@1,1,1,1,1,1,0,0,20140117,20140417
209@1,1,1,1,1,1,0,0,20140117,20140417
2672@5,0,0,0,0,0,0,0,20140117,20140417
A872@1,1,1,1,1,1,0,0,20140117,20140417
A10@2,0,0,0,0,0,1,0,20140117,20140417
A10@5,0,0,0,0,0,0,0,20140117,20140417
4763@2,0,0,0,0,0,1,0,20140117,20140417
493@2,0,0,0,0,0,1,0,20140117,20140417
2723@1,1,1,1,1,1,0,0,20140117,20140417
274@2,0,0,0,0,0,1,0,20140117,20140417
211@3,0,0,0,0,0,0,1,20140117,20140417
1111@2,0,0,0,0,0,1,0,20140117,20140417
2811@1,1,1,1,1,1,0,0,20140117,20140417
2812@2,0,0,0,0,0,1,0,20140117,20140417
A972@1,1,1,1,1,1,0,0,20140117,20140417
494@1,1,1,1,1,1,0,0,20140117,20140417
271@2,0,0,0,0,0,1,0,20140117,20140417
271@5,0,0,0,0,0,0,0,20140117,20140417
R9@1,1,1,1,1,1,0,0,20140117,20140417
281@2,0,0,0,0,0,1,0,20140117,20140417
A99@3,0,0,0,0,0,0,1,20140117,20140417
A991@2,0,0,0,0,0,1,0,20140117,20140417
20.1@1,1,1,1,1,1,0,0,20140117,20140417
20.12@1,1,1,1,1,1,0,0,20140117,20140417
R10@1,1,1,1,1,1,0,0,20140117,20140417
3143@1,1,1,1,1,1,0,0,20140117,20140417
M20.2@2,0,0,0,0,0,1,0,20140117,20140417
M20.2@5,0,0,0,0,0,0,0,20140117,20140417
A991@5,0,0,0,0,0,0,0,20140117,20140417
3986@1,1,1,1,1,1,0,0,20140117,20140417
4942@1,1,1,1,1,1,0,0,20140117,20140417
495@2,0,0,0,0,0,1,0,20140117,20140417
2631@1,1,1,1,1,1,0,0,20140117,20140417
264@1,1,1,1,1,1,0,0,20140117,20140417
2811@2,0,0,0,0,0,1,0,20140117,20140417
285@2,0,0,0,0,0,1,0,20140117,20140417
A11@2,0,0,0,0,0,1,0,20140117,20140417
A11@5,0,0,0,0,0,0,0,20140117,20140417
165@1,1,1,1,1,1,0,0,20140117,20140417
286@1,1,1,1,1,1,0,0,20140117,20140417
214@1,1,1,1,1,1,0,0,20140117,20140417
255@3,0,0,0,0,0,0,1,20140117,20140417
02.1@1,1,1,1,1,1,0,0,20140117,20140417
20.6@2,0,0,0,0,0,1,0,20140117,20140417
2685@3,0,0,0,0,0,0,1,20140117,20140417
2725@1,1,1,1,1,1,0,0,20140117,20140417
A28@1,1,1,1,1,1,0,0,20140117,20140417
2733@2,0,0,0,0,0,1,0,20140117,20140417
3141@1,1,1,1,1,1,0,0,20140117,20140417
2561@2,0,0,0,0,0,1,0,20140117,20140417
2541@3,0,0,0,0,0,0,1,20140117,20140417
2601@3,0,0,0,0,0,0,1,20140117,20140417
20.6@5,0,0,0,0,0,0,0,20140117,20140417
02.11@1,1,1,1,1,1,0,0,20140117,20140417
285@5,0,0,0,0,0,0,0,20140117,20140417
2861@1,1,1,1,1,1,0,0,20140117,20140417
255@2,0,0,0,0,0,1,0,20140117,20140417
260@2,0,0,0,0,0,1,0,20140117,20140417
274@5,0,0,0,0,0,0,0,20140117,20140417
283@3,0,0,0,0,0,0,1,20140117,20140417
2815@1,1,1,1,1,1,0,0,20140117,20140417
2816@3,0,0,0,0,0,0,1,20140117,20140417
2562@2,0,0,0,0,0,1,0,20140117,20140417
2562@5,0,0,0,0,0,0,0,20140117,20140417
05.1@1,1,1,1,1,1,0,0,20140117,20140417
50.1@1,1,1,1,1,1,0,0,20140117,20140417
288@2,0,0,0,0,0,1,0,20140117,20140417
30.2@2,0,0,0,0,0,1,0,20140117,20140417
2601@2,0,0,0,0,0,1,0,20140117,20140417
2601@5,0,0,0,0,0,0,0,20140117,20140417
2733@5,0,0,0,0,0,0,0,20140117,20140417
M68@2,0,0,0,0,0,1,0,20140117,20140417
262@2,0,0,0,0,0,1,0,20140117,20140417
170@1,1,1,1,1,1,0,0,20140117,20140417
R81@1,1,1,1,1,1,0,0,20140117,20140417
A81@1,1,1,1,1,1,0,0,20140117,20140417
M30.2@1,1,1,1,1,1,0,0,20140117,20140417
314@3,0,0,0,0,0,0,1,20140117,20140417
M68@5,0,0,0,0,0,0,0,20140117,20140417
A873@2,0,0,0,0,0,1,0,20140117,20140417
2731@2,0,0,0,0,0,1,0,20140117,20140417
2731@5,0,0,0,0,0,0,0,20140117,20140417
4292@5,0,0,0,0,0,0,0,20140117,20140417
4301@2,0,0,0,0,0,1,0,20140117,20140417
343@2,0,0,0,0,0,1,0,20140117,20140417
343@5,0,0,0,0,0,0,0,20140117,20140417
A873@5,0,0,0,0,0,0,0,20140117,20140417
2816@5,0,0,0,0,0,0,0,20140117,20140417
4303@1,1,1,1,1,1,0,0,20140117,20140417
470@2,0,0,0,0,0,1,0,20140117,20140417
D43@2,0,0,0,0,0,1,0,20140117,20140417
348@1,1,1,1,1,1,0,0,20140117,20140417
R101@5,0,0,0,0,0,0,0,20140117,20140417
A18@1,1,1,1,1,1,0,0,20140117,20140417
470@5,0,0,0,0,0,0,0,20140117,20140417
T8@1,1,1,1,1,1,0,0,20140117,20140417
510@1,1,1,1,1,1,0,0,20140117,20140417
605@3,0,0,0,0,0,0,1,20140117,20140417
3481@1,1,1,1,1,1,0,0,20140117,20140417
3943@1,1,1,1,1,1,0,0,20140117,20140417
2861@5,0,0,0,0,0,0,0,20140117,20140417
3442@1,1,1,1,1,1,0,0,20140117,20140417
A81@3,0,0,0,0,0,0,1,20140117,20140417
283@1,1,1,1,1,1,0,0,20140117,20140417
473@5,0,0,0,0,0,0,0,20140117,20140417
50.81@2,0,0,0,0,0,1,0,20140117,20140417
30.2@5,0,0,0,0,0,0,0,20140117,20140417
3144@1,1,1,1,1,1,0,0,20140117,20140417
257@3,0,0,0,0,0,0,1,20140117,20140417
250@3,0,0,0,0,0,0,1,20140117,20140417
289@1,1,1,1,1,1,0,0,20140117,20140417
268@2,0,0,0,0,0,1,0,20140117,20140417
A10@1,1,1,1,1,1,0,0,20140117,20140417
1101@3,0,0,0,0,0,0,1,20140117,20140417
3441@3,0,0,0,0,0,0,1,20140117,20140417
346@2,0,0,0,0,0,1,0,20140117,20140417
268@5,0,0,0,0,0,0,0,20140117,20140417
A74@3,0,0,0,0,0,0,1,20140117,20140417
361@2,0,0,0,0,0,1,0,20140117,20140417
3751@3,0,0,0,0,0,0,1,20140117,20140417
2672@1,1,1,1,1,1,0,0,20140117,20140417
2721@2,0,0,0,0,0,1,0,20140117,20140417
2101@3,0,0,0,0,0,0,1,20140117,20140417
211@2,0,0,0,0,0,1,0,20140117,20140417
A873@1,1,1,1,1,1,0,0,20140117,20140417
2741@1,1,1,1,1,1,0,0,20140117,20140417
3762@1,1,1,1,1,1,0,0,20140117,20140417
A942@2,0,0,0,0,0,1,0,20140117,20140417
253@2,0,0,0,0,0,1,0,20140117,20140417
2601@1,1,1,1,1,1,0,0,20140117,20140417
525@1,1,1,1,1,1,0,0,20140117,20140417
60.6@3,0,0,0,0,0,0,1,20140117,20140417
2701@3,0,0,0,0,0,0,1,20140117,20140417
R68@1,1,1,1,1,1,0,0,20140117,20140417
A348@3,0,0,0,0,0,0,1,20140117,20140417
375@1,1,1,1,1,1,0,0,20140117,20140417
M10@1,1,1,1,1,1,0,0,20140117,20140417
A13@1,1,1,1,1,1,0,0,20140117,20140417
D70@1,1,1,1,1,1,0,0,20140117,20140417
827@2,0,0,0,0,0,1,0,20140117,20140417
3941@3,0,0,0,0,0,0,1,20140117,20140417
3952@1,1,1,1,1,1,0,0,20140117,20140417
2682@3,0,0,0,0,0,0,1,20140117,20140417
2685@1,1,1,1,1,1,0,0,20140117,20140417
211@5,0,0,0,0,0,0,0,20140117,20140417
A11@3,0,0,0,0,0,0,1,20140117,20140417
2801@5,0,0,0,0,0,0,0,20140117,20140417
2851@1,1,1,1,1,1,0,0,20140117,20140417
210@1,1,1,1,1,1,0,0,20140117,20140417
1101@5,0,0,0,0,0,0,0,20140117,20140417
A875@1,1,1,1,1,1,0,0,20140117,20140417
2832@1,1,1,1,1,1,0,0,20140117,20140417
60.2@1,1,1,1,1,1,0,0,20140117,20140417
60.4@2,0,0,0,0,0,1,0,20140117,20140417
R3@1,1,1,1,1,1,0,0,20140117,20140417
A17@3,0,0,0,0,0,0,1,20140117,20140417
285@1,1,1,1,1,1,0,0,20140117,20140417
30.11@1,1,1,1,1,1,0,0,20140117,20140417
2563@1,1,1,1,1,1,0,0,20140117,20140417
270@1,1,1,1,1,1,0,0,20140117,20140417
2681@1,1,1,1,1,1,0,0,20140117,20140417
3142@1,1,1,1,1,1,0,0,20140117,20140417
2531@5,0,0,0,0,0,0,0,20140117,20140417
257@2,0,0,0,0,0,1,0,20140117,20140417
03.11@1,1,1,1,1,1,0,0,20140117,20140417
314@1,1,1,1,1,1,0,0,20140117,20140417
271@1,1,1,1,1,1,0,0,20140117,20140417
265@1,1,1,1,1,1,0,0,20140117,20140417
608@1,1,1,1,1,1,0,0,20140117,20140417
610@3,0,0,0,0,0,0,1,20140117,20140417
A942@5,0,0,0,0,0,0,0,20140117,20140417
3984@3,0,0,0,0,0,0,1,20140117,20140417
285@3,0,0,0,0,0,0,1,20140117,20140417
30.2@3,0,0,0,0,0,0,1,20140117,20140417
R321@2,0,0,0,0,0,1,0,20140117,20140417
A992@1,1,1,1,1,1,0,0,20140117,20140417
2633@1,1,1,1,1,1,0,0,20140117,20140417
264@3,0,0,0,0,0,0,1,20140117,20140417
340@1,1,1,1,1,1,0,0,20140117,20140417
347@1,1,1,1,1,1,0,0,20140117,20140417
731@1,1,1,1,1,1,0,0,20140117,20140417
6612@2,0,0,0,0,0,1,0,20140117,20140417
3442@5,0,0,0,0,0,0,0,20140117,20140417
347@2,0,0,0,0,0,1,0,20140117,20140417
A842@1,1,1,1,1,1,0,0,20140117,20140417
03.1@3,0,0,0,0,0,0,1,20140117,20140417
A360@3,0,0,0,0,0,0,1,20140117,20140417
A321@5,0,0,0,0,0,0,0,20140117,20140417
6612@5,0,0,0,0,0,0,0,20140117,20140417
6371@1,1,1,1,1,1,0,0,20140117,20140417
347@5,0,0,0,0,0,0,0,20140117,20140417
3491@3,0,0,0,0,0,0,1,20140117,20140417
40.4@2,0,0,0,0,0,1,0,20140117,20140417
4301@3,0,0,0,0,0,0,1,20140117,20140417
30.1@2,0,0,0,0,0,1,0,20140117,20140417
30.1@5,0,0,0,0,0,0,0,20140117,20140417
398@3,0,0,0,0,0,0,1,20140117,20140417
3981@1,1,1,1,1,1,0,0,20140117,20140417
A67@1,1,1,1,1,1,0,0,20140117,20140417
A691@1,1,1,1,1,1,0,0,20140117,20140417
A87@2,0,0,0,0,0,1,0,20140117,20140417
M68@1,1,1,1,1,1,0,0,20140117,20140417
A09@2,0,0,0,0,0,1,0,20140117,20140417
A09@5,0,0,0,0,0,0,0,20140117,20140417
4934@3,0,0,0,0,0,0,1,20140117,20140417
491@3,0,0,0,0,0,0,1,20140117,20140417
345@2,0,0,0,0,0,1,0,20140117,20140417
345@5,0,0,0,0,0,0,0,20140117,20140417
C981@1,1,1,1,1,1,0,0,20140117,20140417
A96@1,1,1,1,1,1,0,0,20140117,20140417
257@5,0,0,0,0,0,0,0,20140117,20140417
260@1,1,1,1,1,1,0,0,20140117,20140417
M98@1,1,1,1,1,1,0,0,20140117,20140417
A993@2,0,0,0,0,0,1,0,20140117,20140417
656@1,1,1,1,1,1,0,0,20140117,20140417
662@2,0,0,0,0,0,1,0,20140117,20140417
D13@1,1,1,1,1,1,0,0,20140117,20140417
621@2,0,0,0,0,0,1,0,20140117,20140417
268@3,0,0,0,0,0,0,1,20140117,20140417
2733@3,0,0,0,0,0,0,1,20140117,20140417
3141@3,0,0,0,0,0,0,1,20140117,20140417
2571@2,0,0,0,0,0,1,0,20140117,20140417
353@3,0,0,0,0,0,0,1,20140117,20140417
361@3,0,0,0,0,0,0,1,20140117,20140417
3984@2,0,0,0,0,0,1,0,20140117,20140417
3984@5,0,0,0,0,0,0,0,20140117,20140417
A981@1,1,1,1,1,1,0,0,20140117,20140417
430@1,1,1,1,1,1,0,0,20140117,20140417
2571@5,0,0,0,0,0,0,0,20140117,20140417
250@1,1,1,1,1,1,0,0,20140117,20140417
343@1,1,1,1,1,1,0,0,20140117,20140417
344@3,0,0,0,0,0,0,1,20140117,20140417
662@5,0,0,0,0,0,0,0,20140117,20140417
B02@3,0,0,0,0,0,0,1,20140117,20140417
346@5,0,0,0,0,0,0,0,20140117,20140417
360@1,1,1,1,1,1,0,0,20140117,20140417
253@1,1,1,1,1,1,0,0,20140117,20140417
262@5,0,0,0,0,0,0,0,20140117,20140417
4952@1,1,1,1,1,1,0,0,20140117,20140417
50.61@2,0,0,0,0,0,1,0,20140117,20140417
621@5,0,0,0,0,0,0,0,20140117,20140417
821@1,1,1,1,1,1,0,0,20140117,20140417
A17@1,1,1,1,1,1,0,0,20140117,20140417
2531@3,0,0,0,0,0,0,1,20140117,20140417
263@1,1,1,1,1,1,0,0,20140117,20140417
A87@5,0,0,0,0,0,0,0,20140117,20140417
283@2,0,0,0,0,0,1,0,20140117,20140417
A88@1,1,1,1,1,1,0,0,20140117,20140417
3441@1,1,1,1,1,1,0,0,20140117,20140417
3491@5,0,0,0,0,0,0,0,20140117,20140417
7315@1,1,1,1,1,1,0,0,20140117,20140417
652@5,0,0,0,0,0,0,0,20140117,20140417
T7@1,1,1,1,1,1,0,0,20140117,20140417
60.1@3,0,0,0,0,0,0,1,20140117,20140417
2541@2,0,0,0,0,0,1,0,20140117,20140417
R21@1,1,1,1,1,1,0,0,20140117,20140417
269@1,1,1,1,1,1,0,0,20140117,20140417
2731@3,0,0,0,0,0,0,1,20140117,20140417
6611@1,1,1,1,1,1,0,0,20140117,20140417
665@5,0,0,0,0,0,0,0,20140117,20140417
490@1,1,1,1,1,1,0,0,20140117,20140417
4933@3,0,0,0,0,0,0,1,20140117,20140417
A53@1,1,1,1,1,1,0,0,20140117,20140417
B51@3,0,0,0,0,0,0,1,20140117,20140417
A873@3,0,0,0,0,0,0,1,20140117,20140417
2814@5,0,0,0,0,0,0,0,20140117,20140417
40.5@1,1,1,1,1,1,0,0,20140117,20140417
40.51@1,1,1,1,1,1,0,0,20140117,20140417
C31@3,0,0,0,0,0,0,1,20140117,20140417
R31@1,1,1,1,1,1,0,0,20140117,20140417
40.2@2,0,0,0,0,0,1,0,20140117,20140417
A16@1,1,1,1,1,1,0,0,20140117,20140417
3442@3,0,0,0,0,0,0,1,20140117,20140417
2813@5,0,0,0,0,0,0,0,20140117,20140417
A862@1,1,1,1,1,1,0,0,20140117,20140417
397@3,0,0,0,0,0,0,1,20140117,20140417
A99@1,1,1,1,1,1,0,0,20140117,20140417
429@1,1,1,1,1,1,0,0,20140117,20140417
433@3,0,0,0,0,0,0,1,20140117,20140417
50.11@1,1,1,1,1,1,0,0,20140117,20140417
50.2@2,0,0,0,0,0,1,0,20140117,20140417
262@1,1,1,1,1,1,0,0,20140117,20140417
2632@5,0,0,0,0,0,0,0,20140117,20140417
2631@3,0,0,0,0,0,0,1,20140117,20140417
165@3,0,0,0,0,0,0,1,20140117,20140417
A991@1,1,1,1,1,1,0,0,20140117,20140417
C98@1,1,1,1,1,1,0,0,20140117,20140417
659@1,1,1,1,1,1,0,0,20140117,20140417
A621@1,1,1,1,1,1,0,0,20140117,20140417
50.2@5,0,0,0,0,0,0,0,20140117,20140417
60.1@1,1,1,1,1,1,0,0,20140117,20140417
2685@2,0,0,0,0,0,1,0,20140117,20140417
2685@5,0,0,0,0,0,0,0,20140117,20140417
3751@1,1,1,1,1,1,0,0,20140117,20140417
A94@1,1,1,1,1,1,0,0,20140117,20140417
A98@1,1,1,1,1,1,0,0,20140117,20140417
40.51@3,0,0,0,0,0,0,1,20140117,20140417
6712@3,0,0,0,0,0,0,1,20140117,20140417
703@2,0,0,0,0,0,1,0,20140117,20140417
M60.5@3,0,0,0,0,0,0,1,20140117,20140417
6171@1,1,1,1,1,1,0,0,20140117,20140417
438@1,1,1,1,1,1,0,0,20140117,20140417
441@3,0,0,0,0,0,0,1,20140117,20140417
A943@1,1,1,1,1,1,0,0,20140117,20140417
3951@1,1,1,1,1,1,0,0,20140117,20140417
4291@1,1,1,1,1,1,0,0,20140117,20140417
4292@1,1,1,1,1,1,0,0,20140117,20140417
6172@1,1,1,1,1,1,0,0,20140117,20140417
6201@1,1,1,1,1,1,0,0,20140117,20140417
03.3@1,1,1,1,1,1,0,0,20140117,20140417
346@3,0,0,0,0,0,0,1,20140117,20140417
M98@2,0,0,0,0,0,1,0,20140117,20140417
M98@5,0,0,0,0,0,0,0,20140117,20140417
286@3,0,0,0,0,0,0,1,20140117,20140417
272@1,1,1,1,1,1,0,0,20140117,20140417
703@5,0,0,0,0,0,0,0,20140117,20140417
704@1,1,1,1,1,1,0,0,20140117,20140417
353@1,1,1,1,1,1,0,0,20140117,20140417
361@5,0,0,0,0,0,0,0,20140117,20140417
266@1,1,1,1,1,1,0,0,20140117,20140417
A671@1,1,1,1,1,1,0,0,20140117,20140417
473@2,0,0,0,0,0,1,0,20140117,20140417
494@3,0,0,0,0,0,0,1,20140117,20140417
289@5,0,0,0,0,0,0,0,20140117,20140417
A69@3,0,0,0,0,0,0,1,20140117,20140417
3982@1,1,1,1,1,1,0,0,20140117,20140417
3984@1,1,1,1,1,1,0,0,20140117,20140417
A871@1,1,1,1,1,1,0,0,20140117,20140417
A874@1,1,1,1,1,1,0,0,20140117,20140417
2671@3,0,0,0,0,0,0,1,20140117,20140417
1112@1,1,1,1,1,1,0,0,20140117,20140417
398@2,0,0,0,0,0,1,0,20140117,20140417
398@5,0,0,0,0,0,0,0,20140117,20140417
495@1,1,1,1,1,1,0,0,20140117,20140417
60.4@5,0,0,0,0,0,0,0,20140117,20140417
A876@1,1,1,1,1,1,0,0,20140117,20140417
2741@2,0,0,0,0,0,1,0,20140117,20140417
4302@1,1,1,1,1,1,0,0,20140117,20140417
470@1,1,1,1,1,1,0,0,20140117,20140417
429@3,0,0,0,0,0,0,1,20140117,20140417
4932@1,1,1,1,1,1,0,0,20140117,20140417
520@2,0,0,0,0,0,1,0,20140117,20140417
624@1,1,1,1,1,1,0,0,20140117,20140417
40.2@1,1,1,1,1,1,0,0,20140117,20140417
40.5@3,0,0,0,0,0,0,1,20140117,20140417
D18@1,1,1,1,1,1,0,0,20140117,20140417
C4@3,0,0,0,0,0,0,1,20140117,20140417
60.5@1,1,1,1,1,1,0,0,20140117,20140417
611@5,0,0,0,0,0,0,0,20140117,20140417
168@1,1,1,1,1,1,0,0,20140117,20140417
A74@2,0,0,0,0,0,1,0,20140117,20140417
B251@1,1,1,1,1,1,0,0,20140117,20140417
631@1,1,1,1,1,1,0,0,20140117,20140417
375@2,0,0,0,0,0,1,0,20140117,20140417
376@2,0,0,0,0,0,1,0,20140117,20140417
60.2@3,0,0,0,0,0,0,1,20140117,20140417
M60.4@1,1,1,1,1,1,0,0,20140117,20140417
274@3,0,0,0,0,0,0,1,20140117,20140417
2802@1,1,1,1,1,1,0,0,20140117,20140417
637@3,0,0,0,0,0,0,1,20140117,20140417
617@1,1,1,1,1,1,0,0,20140117,20140417
429@2,0,0,0,0,0,1,0,20140117,20140417
429@5,0,0,0,0,0,0,0,20140117,20140417
M60.5@1,1,1,1,1,1,0,0,20140117,20140417
608@2,0,0,0,0,0,1,0,20140117,20140417
283@5,0,0,0,0,0,0,0,20140117,20140417
30.2@1,1,1,1,1,1,0,0,20140117,20140417
862@1,1,1,1,1,1,0,0,20140117,20140417
B022@1,1,1,1,1,1,0,0,20140117,20140417
4301@1,1,1,1,1,1,0,0,20140117,20140417
A97@1,1,1,1,1,1,0,0,20140117,20140417
A97@3,0,0,0,0,0,0,1,20140117,20140417
492@2,0,0,0,0,0,1,0,20140117,20140417
344@2,0,0,0,0,0,1,0,20140117,20140417
344@5,0,0,0,0,0,0,0,20140117,20140417
671@2,0,0,0,0,0,1,0,20140117,20140417
439@2,0,0,0,0,0,1,0,20140117,20140417
614@3,0,0,0,0,0,0,1,20140117,20140417
615@3,0,0,0,0,0,0,1,20140117,20140417
C1@1,1,1,1,1,1,0,0,20140117,20140417
A74@5,0,0,0,0,0,0,0,20140117,20140417
2672@3,0,0,0,0,0,0,1,20140117,20140417
3441@2,0,0,0,0,0,1,0,20140117,20140417
3441@5,0,0,0,0,0,0,0,20140117,20140417
439@5,0,0,0,0,0,0,0,20140117,20140417
T8@2,0,0,0,0,0,1,0,20140117,20140417
491@2,0,0,0,0,0,1,0,20140117,20140417
491@5,0,0,0,0,0,0,0,20140117,20140417
608@5,0,0,0,0,0,0,0,20140117,20140417
610@2,0,0,0,0,0,1,0,20140117,20140417
497@1,1,1,1,1,1,0,0,20140117,20140417
50.3@1,1,1,1,1,1,0,0,20140117,20140417
3442@2,0,0,0,0,0,1,0,20140117,20140417
3954@1,1,1,1,1,1,0,0,20140117,20140417
4301@5,0,0,0,0,0,0,0,20140117,20140417
4302@3,0,0,0,0,0,0,1,20140117,20140417
525@3,0,0,0,0,0,0,1,20140117,20140417
T7@2,0,0,0,0,0,1,0,20140117,20140417
5201@2,0,0,0,0,0,1,0,20140117,20140417
M31@2,0,0,0,0,0,1,0,20140117,20140417
6651@1,1,1,1,1,1,0,0,20140117,20140417
B55@3,0,0,0,0,0,0,1,20140117,20140417
436@3,0,0,0,0,0,0,1,20140117,20140417
4763@3,0,0,0,0,0,0,1,20140117,20140417
T7@5,0,0,0,0,0,0,0,20140117,20140417
610@1,1,1,1,1,1,0,0,20140117,20140417
50.31@1,1,1,1,1,1,0,0,20140117,20140417
60.5@3,0,0,0,0,0,0,1,20140117,20140417
4934@5,0,0,0,0,0,0,0,20140117,20140417
05.11@1,1,1,1,1,1,0,0,20140117,20140417
610@5,0,0,0,0,0,0,0,20140117,20140417
6204@2,0,0,0,0,0,1,0,20140117,20140417
611@2,0,0,0,0,0,1,0,20140117,20140417
TR61@1,1,1,1,1,1,0,0,20140117,20140417
273@1,1,1,1,1,1,0,0,20140117,20140417
2741@3,0,0,0,0,0,0,1,20140117,20140417
613@3,0,0,0,0,0,0,1,20140117,20140417
520@5,0,0,0,0,0,0,0,20140117,20140417
T8@5,0,0,0,0,0,0,0,20140117,20140417
4763@5,0,0,0,0,0,0,0,20140117,20140417
B25@3,0,0,0,0,0,0,1,20140117,20140417
M21@1,1,1,1,1,1,0,0,20140117,20140417
376@5,0,0,0,0,0,0,0,20140117,20140417
394@2,0,0,0,0,0,1,0,20140117,20140417
611@1,1,1,1,1,1,0,0,20140117,20140417
TR61@2,0,0,0,0,0,1,0,20140117,20140417
M31@5,0,0,0,0,0,0,0,20140117,20140417
7312@3,0,0,0,0,0,0,1,20140117,20140417
M76@2,0,0,0,0,0,1,0,20140117,20140417
M76@5,0,0,0,0,0,0,0,20140117,20140417
346@1,1,1,1,1,1,0,0,20140117,20140417
A348@5,0,0,0,0,0,0,0,20140117,20140417
652@1,1,1,1,1,1,0,0,20140117,20140417
659@2,0,0,0,0,0,1,0,20140117,20140417
3983@1,1,1,1,1,1,0,0,20140117,20140417
430@3,0,0,0,0,0,0,1,20140117,20140417
3973@1,1,1,1,1,1,0,0,20140117,20140417
3974@1,1,1,1,1,1,0,0,20140117,20140417
A741@1,1,1,1,1,1,0,0,20140117,20140417
2801@3,0,0,0,0,0,0,1,20140117,20140417
D73@2,0,0,0,0,0,1,0,20140117,20140417
627@2,0,0,0,0,0,1,0,20140117,20140417
R41@2,0,0,0,0,0,1,0,20140117,20140417
4951@3,0,0,0,0,0,0,1,20140117,20140417
7041@3,0,0,0,0,0,0,1,20140117,20140417
C2@2,0,0,0,0,0,1,0,20140117,20140417
R32@1,1,1,1,1,1,0,0,20140117,20140417
4292@2,0,0,0,0,0,1,0,20140117,20140417
627@5,0,0,0,0,0,0,0,20140117,20140417
727@2,0,0,0,0,0,1,0,20140117,20140417
614@2,0,0,0,0,0,1,0,20140117,20140417
614@5,0,0,0,0,0,0,0,20140117,20140417
659@5,0,0,0,0,0,0,0,20140117,20140417
B55@2,0,0,0,0,0,1,0,20140117,20140417
433@2,0,0,0,0,0,1,0,20140117,20140417
433@5,0,0,0,0,0,0,0,20140117,20140417
5202@1,1,1,1,1,1,0,0,20140117,20140417
D73@1,1,1,1,1,1,0,0,20140117,20140417
632@3,0,0,0,0,0,0,1,20140117,20140417
633@3,0,0,0,0,0,0,1,20140117,20140417
7051@1,1,1,1,1,1,0,0,20140117,20140417
756@1,1,1,1,1,1,0,0,20140117,20140417
473@1,1,1,1,1,1,0,0,20140117,20140417
4931@1,1,1,1,1,1,0,0,20140117,20140417
50.6@2,0,0,0,0,0,1,0,20140117,20140417
60.6@2,0,0,0,0,0,1,0,20140117,20140417
7311@1,1,1,1,1,1,0,0,20140117,20140417
6321@1,1,1,1,1,1,0,0,20140117,20140417
M52@3,0,0,0,0,0,0,1,20140117,20140417
861@1,1,1,1,1,1,0,0,20140117,20140417
4303@2,0,0,0,0,0,1,0,20140117,20140417
4303@5,0,0,0,0,0,0,0,20140117,20140417
C2@5,0,0,0,0,0,0,0,20140117,20140417
C11@2,0,0,0,0,0,1,0,20140117,20140417
60.6@5,0,0,0,0,0,0,0,20140117,20140417
60.21@2,0,0,0,0,0,1,0,20140117,20140417
620@3,0,0,0,0,0,0,1,20140117,20140417
5201@1,1,1,1,1,1,0,0,20140117,20140417
827@1,1,1,1,1,1,0,0,20140117,20140417
6612@1,1,1,1,1,1,0,0,20140117,20140417
2741@5,0,0,0,0,0,0,0,20140117,20140417
288@3,0,0,0,0,0,0,1,20140117,20140417
6332@2,0,0,0,0,0,1,0,20140117,20140417
654@3,0,0,0,0,0,0,1,20140117,20140417
2812@1,1,1,1,1,1,0,0,20140117,20140417
2861@3,0,0,0,0,0,0,1,20140117,20140417
665@1,1,1,1,1,1,0,0,20140117,20140417
702@3,0,0,0,0,0,0,1,20140117,20140417
431@1,1,1,1,1,1,0,0,20140117,20140417
470@3,0,0,0,0,0,0,1,20140117,20140417
6562@1,1,1,1,1,1,0,0,20140117,20140417
659@3,0,0,0,0,0,0,1,20140117,20140417
60.21@5,0,0,0,0,0,0,0,20140117,20140417
613@2,0,0,0,0,0,1,0,20140117,20140417
C31@2,0,0,0,0,0,1,0,20140117,20140417
C31@5,0,0,0,0,0,0,0,20140117,20140417
654@1,1,1,1,1,1,0,0,20140117,20140417
656@3,0,0,0,0,0,0,1,20140117,20140417
4933@5,0,0,0,0,0,0,0,20140117,20140417
4941@1,1,1,1,1,1,0,0,20140117,20140417
613@5,0,0,0,0,0,0,0,20140117,20140417
621@1,1,1,1,1,1,0,0,20140117,20140417
4381@2,0,0,0,0,0,1,0,20140117,20140417
4381@5,0,0,0,0,0,0,0,20140117,20140417
A62@3,0,0,0,0,0,0,1,20140117,20140417
661@2,0,0,0,0,0,1,0,20140117,20140417
288@1,1,1,1,1,1,0,0,20140117,20140417
03.1@1,1,1,1,1,1,0,0,20140117,20140417
441@1,1,1,1,1,1,0,0,20140117,20140417
494@2,0,0,0,0,0,1,0,20140117,20140417
661@5,0,0,0,0,0,0,0,20140117,20140417
761@2,0,0,0,0,0,1,0,20140117,20140417
50.11@3,0,0,0,0,0,0,1,20140117,20140417
60.1@2,0,0,0,0,0,1,0,20140117,20140417
B09@2,0,0,0,0,0,1,0,20140117,20140417
B09@5,0,0,0,0,0,0,0,20140117,20140417
7051@2,0,0,0,0,0,1,0,20140117,20140417
7051@5,0,0,0,0,0,0,0,20140117,20140417
494@5,0,0,0,0,0,0,0,20140117,20140417
05.1@2,0,0,0,0,0,1,0,20140117,20140417
520@1,1,1,1,1,1,0,0,20140117,20140417
B252@1,1,1,1,1,1,0,0,20140117,20140417
715@5,0,0,0,0,0,0,0,20140117,20140417
718@2,0,0,0,0,0,1,0,20140117,20140417
03.1@2,0,0,0,0,0,1,0,20140117,20140417
03.1@5,0,0,0,0,0,0,0,20140117,20140417
30.1@3,0,0,0,0,0,0,1,20140117,20140417
30.21@1,1,1,1,1,1,0,0,20140117,20140417
821@2,0,0,0,0,0,1,0,20140117,20140417
D731@1,1,1,1,1,1,0,0,20140117,20140417
60.1@5,0,0,0,0,0,0,0,20140117,20140417
614@1,1,1,1,1,1,0,0,20140117,20140417
7271@1,1,1,1,1,1,0,0,20140117,20140417
631@2,0,0,0,0,0,1,0,20140117,20140417
A62@2,0,0,0,0,0,1,0,20140117,20140417
A62@5,0,0,0,0,0,0,0,20140117,20140417
3941@2,0,0,0,0,0,1,0,20140117,20140417
3941@5,0,0,0,0,0,0,0,20140117,20140417
30.3@1,1,1,1,1,1,0,0,20140117,20140417
30.31@2,0,0,0,0,0,1,0,20140117,20140417
50.1@2,0,0,0,0,0,1,0,20140117,20140417
50.2@1,1,1,1,1,1,0,0,20140117,20140417
632@1,1,1,1,1,1,0,0,20140117,20140417
633@2,0,0,0,0,0,1,0,20140117,20140417
718@5,0,0,0,0,0,0,0,20140117,20140417
756@2,0,0,0,0,0,1,0,20140117,20140417
620@2,0,0,0,0,0,1,0,20140117,20140417
620@5,0,0,0,0,0,0,0,20140117,20140417
30.1@1,1,1,1,1,1,0,0,20140117,20140417
340@2,0,0,0,0,0,1,0,20140117,20140417
50.8@1,1,1,1,1,1,0,0,20140117,20140417
60.4@3,0,0,0,0,0,0,1,20140117,20140417
340@5,0,0,0,0,0,0,0,20140117,20140417
345@1,1,1,1,1,1,0,0,20140117,20140417
633@5,0,0,0,0,0,0,0,20140117,20140417
6331@1,1,1,1,1,1,0,0,20140117,20140417
M30.2@2,0,0,0,0,0,1,0,20140117,20140417
314@2,0,0,0,0,0,1,0,20140117,20140417
6531@3,0,0,0,0,0,0,1,20140117,20140417
762@1,1,1,1,1,1,0,0,20140117,20140417
7621@1,1,1,1,1,1,0,0,20140117,20140417
661@1,1,1,1,1,1,0,0,20140117,20140417
B56@1,1,1,1,1,1,0,0,20140117,20140417
B09@1,1,1,1,1,1,0,0,20140117,20140417
314@5,0,0,0,0,0,0,0,20140117,20140417
343@3,0,0,0,0,0,0,1,20140117,20140417
7612@2,0,0,0,0,0,1,0,20140117,20140417
B02@1,1,1,1,1,1,0,0,20140117,20140417
349@1,1,1,1,1,1,0,0,20140117,20140417
A360@2,0,0,0,0,0,1,0,20140117,20140417
8612@2,0,0,0,0,0,1,0,20140117,20140417
761@1,1,1,1,1,1,0,0,20140117,20140417
LI.1@1,1,1,1,1,1,0,0,20140117,20140417
D72@1,1,1,1,1,1,0,0,20140117,20140417
624@3,0,0,0,0,0,0,1,20140117,20140417
605@2,0,0,0,0,0,1,0,20140117,20140417
6172@2,0,0,0,0,0,1,0,20140117,20140417
6712@5,0,0,0,0,0,0,0,20140117,20140417
703@1,1,1,1,1,1,0,0,20140117,20140417
397@2,0,0,0,0,0,1,0,20140117,20140417
3972@1,1,1,1,1,1,0,0,20140117,20140417
637@5,0,0,0,0,0,0,0,20140117,20140417
M52@1,1,1,1,1,1,0,0,20140117,20140417
705@1,1,1,1,1,1,0,0,20140117,20140417
7611@1,1,1,1,1,1,0,0,20140117,20140417
B55@5,0,0,0,0,0,0,0,20140117,20140417
394@5,0,0,0,0,0,0,0,20140117,20140417
397@1,1,1,1,1,1,0,0,20140117,20140417
701@1,1,1,1,1,1,0,0,20140117,20140417
7051@3,0,0,0,0,0,0,1,20140117,20140417
A98@3,0,0,0,0,0,0,1,20140117,20140417
40.41@3,0,0,0,0,0,0,1,20140117,20140417
345@3,0,0,0,0,0,0,1,20140117,20140417
3491@2,0,0,0,0,0,1,0,20140117,20140417
715@1,1,1,1,1,1,0,0,20140117,20140417
718@1,1,1,1,1,1,0,0,20140117,20140417
R321@1,1,1,1,1,1,0,0,20140117,20140417
A98@5,0,0,0,0,0,0,0,20140117,20140417
B25@1,1,1,1,1,1,0,0,20140117,20140417
M21@3,0,0,0,0,0,0,1,20140117,20140417
M31@3,0,0,0,0,0,0,1,20140117,20140417
633@1,1,1,1,1,1,0,0,20140117,20140417
4302@2,0,0,0,0,0,1,0,20140117,20140417
4302@5,0,0,0,0,0,0,0,20140117,20140417
353@2,0,0,0,0,0,1,0,20140117,20140417
353@5,0,0,0,0,0,0,0,20140117,20140417
702@2,0,0,0,0,0,1,0,20140117,20140417
7041@1,1,1,1,1,1,0,0,20140117,20140417
631@5,0,0,0,0,0,0,0,20140117,20140417
637@2,0,0,0,0,0,1,0,20140117,20140417
715@3,0,0,0,0,0,0,1,20140117,20140417
B56@2,0,0,0,0,0,1,0,20140117,20140417
361@1,1,1,1,1,1,0,0,20140117,20140417
3751@2,0,0,0,0,0,1,0,20140117,20140417
652@2,0,0,0,0,0,1,0,20140117,20140417
B51@2,0,0,0,0,0,1,0,20140117,20140417
3751@5,0,0,0,0,0,0,0,20140117,20140417
A395@3,0,0,0,0,0,0,1,20140117,20140417
40.5@2,0,0,0,0,0,1,0,20140117,20140417
40.5@5,0,0,0,0,0,0,0,20140117,20140417
436@2,0,0,0,0,0,1,0,20140117,20140417
439@3,0,0,0,0,0,0,1,20140117,20140417
40.51@2,0,0,0,0,0,1,0,20140117,20140417
40.51@5,0,0,0,0,0,0,0,20140117,20140417
4763@1,1,1,1,1,1,0,0,20140117,20140417
M76@1,1,1,1,1,1,0,0,20140117,20140417
R41@1,1,1,1,1,1,0,0,20140117,20140417
4951@5,0,0,0,0,0,0,0,20140117,20140417
397@5,0,0,0,0,0,0,0,20140117,20140417
A98@2,0,0,0,0,0,1,0,20140117,20140417
B51@5,0,0,0,0,0,0,0,20140117,20140417
862@2,0,0,0,0,0,1,0,20140117,20140417
4971@1,1,1,1,1,1,0,0,20140117,20140417
60.21@1,1,1,1,1,1,0,0,20140117,20140417
650@1,1,1,1,1,1,0,0,20140117,20140417
617@2,0,0,0,0,0,1,0,20140117,20140417
665@2,0,0,0,0,0,1,0,20140117,20140417
B55@1,1,1,1,1,1,0,0,20140117,20140417
671@1,1,1,1,1,1,0,0,20140117,20140417
439@1,1,1,1,1,1,0,0,20140117,20140417
704@2,0,0,0,0,0,1,0,20140117,20140417
704@5,0,0,0,0,0,0,0,20140117,20140417
490@2,0,0,0,0,0,1,0,20140117,20140417
4921@1,1,1,1,1,1,0,0,20140117,20140417
605@5,0,0,0,0,0,0,0,20140117,20140417
613@1,1,1,1,1,1,0,0,20140117,20140417
6531@1,1,1,1,1,1,0,0,20140117,20140417
662@1,1,1,1,1,1,0,0,20140117,20140417
40.41@2,0,0,0,0,0,1,0,20140117,20140417
40.41@5,0,0,0,0,0,0,0,20140117,20140417
7041@2,0,0,0,0,0,1,0,20140117,20140417
7041@5,0,0,0,0,0,0,0,20140117,20140417
B091@1,1,1,1,1,1,0,0,20140117,20140417
50.11@2,0,0,0,0,0,1,0,20140117,20140417
50.2@3,0,0,0,0,0,0,1,20140117,20140417
50.6@1,1,1,1,1,1,0,0,20140117,20140417
60.21@3,0,0,0,0,0,0,1,20140117,20140417
615@2,0,0,0,0,0,1,0,20140117,20140417
615@5,0,0,0,0,0,0,0,20140117,20140417
815@1,1,1,1,1,1,0,0,20140117,20140417
C2@1,1,1,1,1,1,0,0,20140117,20140417
C4@1,1,1,1,1,1,0,0,20140117,20140417
721@2,0,0,0,0,0,1,0,20140117,20140417
627@3,0,0,0,0,0,0,1,20140117,20140417
831@1,1,1,1,1,1,0,0,20140117,20140417
7312@5,0,0,0,0,0,0,0,20140117,20140417
M60.5@2,0,0,0,0,0,1,0,20140117,20140417
M60.5@5,0,0,0,0,0,0,0,20140117,20140417
702@5,0,0,0,0,0,0,0,20140117,20140417
7561@1,1,1,1,1,1,0,0,20140117,20140417
T8@3,0,0,0,0,0,0,1,20140117,20140417
M76@3,0,0,0,0,0,0,1,20140117,20140417
6612@3,0,0,0,0,0,0,1,20140117,20140417
653@1,1,1,1,1,1,0,0,20140117,20140417
6171@2,0,0,0,0,0,1,0,20140117,20140417
627@1,1,1,1,1,1,0,0,20140117,20140417
493@1,1,1,1,1,1,0,0,20140117,20140417
A97@2,0,0,0,0,0,1,0,20140117,20140417
656@2,0,0,0,0,0,1,0,20140117,20140417
7612@1,1,1,1,1,1,0,0,20140117,20140417
M21@2,0,0,0,0,0,1,0,20140117,20140417
M21@5,0,0,0,0,0,0,0,20140117,20140417
A97@5,0,0,0,0,0,0,0,20140117,20140417
491@1,1,1,1,1,1,0,0,20140117,20140417
B02@5,0,0,0,0,0,0,0,20140117,20140417
855@1,1,1,1,1,1,0,0,20140117,20140417
6531@2,0,0,0,0,0,1,0,20140117,20140417
6531@5,0,0,0,0,0,0,0,20140117,20140417
496@1,1,1,1,1,1,0,0,20140117,20140417
A971@1,1,1,1,1,1,0,0,20140117,20140417
654@2,0,0,0,0,0,1,0,20140117,20140417
654@5,0,0,0,0,0,0,0,20140117,20140417
4943@1,1,1,1,1,1,0,0,20140117,20140417
497@2,0,0,0,0,0,1,0,20140117,20140417
A62@1,1,1,1,1,1,0,0,20140117,20140417
8612@1,1,1,1,1,1,0,0,20140117,20140417
4971@2,0,0,0,0,0,1,0,20140117,20140417
50.61@1,1,1,1,1,1,0,0,20140117,20140417
B01@1,1,1,1,1,1,0,0,20140117,20140417
B05@1,1,1,1,1,1,0,0,20140117,20140417
50.81@1,1,1,1,1,1,0,0,20140117,20140417
525@2,0,0,0,0,0,1,0,20140117,20140417
701@2,0,0,0,0,0,1,0,20140117,20140417
525@5,0,0,0,0,0,0,0,20140117,20140417
T7@3,0,0,0,0,0,0,1,20140117,20140417
B09@3,0,0,0,0,0,0,1,20140117,20140417
A93@1,1,1,1,1,1,0,0,20140117,20140417
60.2@5,0,0,0,0,0,0,0,20140117,20140417
60.5@2,0,0,0,0,0,1,0,20140117,20140417
611@3,0,0,0,0,0,0,1,20140117,20140417
615@1,1,1,1,1,1,0,0,20140117,20140417
721@1,1,1,1,1,1,0,0,20140117,20140417
6315@1,1,1,1,1,1,0,0,20140117,20140417
632@5,0,0,0,0,0,0,0,20140117,20140417
M52@5,0,0,0,0,0,0,0,20140117,20140417
LI.2@1,1,1,1,1,1,0,0,20140117,20140417
B511@1,1,1,1,1,1,0,0,20140117,20140417
762@2,0,0,0,0,0,1,0,20140117,20140417
T2@2,0,0,0,0,0,1,0,20140117,20140417
T2@5,0,0,0,0,0,0,0,20140117,20140417
T5@1,1,1,1,1,1,0,0,20140117,20140417
T51@5,0,0,0,0,0,0,0,20140117,20140417
171@2,0,0,0,0,0,1,0,20140117,20140417
171@5,0,0,0,0,0,0,0,20140117,20140417
861@2,0,0,0,0,0,1,0,20140117,20140417
703@3,0,0,0,0,0,0,1,20140117,20140417
173@3,0,0,0,0,0,0,1,20140117,20140417
179@3,0,0,0,0,0,0,1,20140117,20140417
184@3,0,0,0,0,0,0,1,20140117,20140417
20.6@1,1,1,1,1,1,0,0,20140117,20140417
A15@1,1,1,1,1,1,0,0,20140117,20140417
216@1,1,1,1,1,1,0,0,20140117,20140417
111@1,1,1,1,1,1,0,0,20140117,20140417
M10@3,0,0,0,0,0,0,1,20140117,20140417
2571@1,1,1,1,1,1,0,0,20140117,20140417
2602@3,0,0,0,0,0,0,1,20140117,20140417
2632@2,0,0,0,0,0,1,0,20140117,20140417
2843@3,0,0,0,0,0,0,1,20140117,20140417
A73@1,1,1,1,1,1,0,0,20140117,20140417
A70@1,1,1,1,1,1,0,0,20140117,20140417
344@1,1,1,1,1,1,0,0,20140117,20140417
376@3,0,0,0,0,0,0,1,20140117,20140417
394@1,1,1,1,1,1,0,0,20140117,20140417
A99@2,0,0,0,0,0,1,0,20140117,20140417
A99@5,0,0,0,0,0,0,0,20140117,20140417
A991@3,0,0,0,0,0,0,1,20140117,20140417
A951@1,1,1,1,1,1,0,0,20140117,20140417
40.4@1,1,1,1,1,1,0,0,20140117,20140417
4292@3,0,0,0,0,0,0,1,20140117,20140417
4303@3,0,0,0,0,0,0,1,20140117,20140417
433@1,1,1,1,1,1,0,0,20140117,20140417
441@2,0,0,0,0,0,1,0,20140117,20140417
441@5,0,0,0,0,0,0,0,20140117,20140417
473@3,0,0,0,0,0,0,1,20140117,20140417
60.6@1,1,1,1,1,1,0,0,20140117,20140417
60.2@2,0,0,0,0,0,1,0,20140117,20140417
60.4@1,1,1,1,1,1,0,0,20140117,20140417
60.5@5,0,0,0,0,0,0,0,20140117,20140417
605@1,1,1,1,1,1,0,0,20140117,20140417
608@3,0,0,0,0,0,0,1,20140117,20140417
620@1,1,1,1,1,1,0,0,20140117,20140417
6204@1,1,1,1,1,1,0,0,20140117,20140417
621@3,0,0,0,0,0,0,1,20140117,20140417
B25@2,0,0,0,0,0,1,0,20140117,20140417
B25@5,0,0,0,0,0,0,0,20140117,20140417
M31@1,1,1,1,1,1,0,0,20140117,20140417
632@2,0,0,0,0,0,1,0,20140117,20140417
652@3,0,0,0,0,0,0,1,20140117,20140417
M52@2,0,0,0,0,0,1,0,20140117,20140417
B51@1,1,1,1,1,1,0,0,20140117,20140417
6625@1,1,1,1,1,1,0,0,20140117,20140417
R62@1,1,1,1,1,1,0,0,20140117,20140417
B021@1,1,1,1,1,1,0,0,20140117,20140417
665@3,0,0,0,0,0,0,1,20140117,20140417
702@1,1,1,1,1,1,0,0,20140117,20140417
704@3,0,0,0,0,0,0,1,20140117,20140417
856@1,1,1,1,1,1,0,0,20140117,20140417
C4@2,0,0,0,0,0,1,0,20140117,20140417
C4@5,0,0,0,0,0,0,0,20140117,20140417
B011@1,1,1,1,1,1,0,0,20140117,20140417
T2A@1,1,1,1,1,1,0,0,20140117,20140417
10.3@2,0,0,0,0,0,1,0,20140117,20140417
10.3@5,0,0,0,0,0,0,0,20140117,20140417
T4@1,1,1,1,1,1,0,0,20140117,20140417
A141@2,0,0,0,0,0,1,0,20140117,20140417
A141@5,0,0,0,0,0,0,0,20140117,20140417
149@1,1,1,1,1,1,0,0,20140117,20140417
244@2,0,0,0,0,0,1,0,20140117,20140417
244@5,0,0,0,0,0,0,0,20140117,20140417
282@1,1,1,1,1,1,0,0,20140117,20140417
R84@1,1,1,1,1,1,0,0,20140117,20140417
20.61@3,0,0,0,0,0,0,1,20140117,20140417
2101@5,0,0,0,0,0,0,0,20140117,20140417
211@1,1,1,1,1,1,0,0,20140117,20140417
A13@3,0,0,0,0,0,0,1,20140117,20140417
2542@1,1,1,1,1,1,0,0,20140117,20140417
251@2,0,0,0,0,0,1,0,20140117,20140417
251@5,0,0,0,0,0,0,0,20140117,20140417
254@2,0,0,0,0,0,1,0,20140117,20140417
254@5,0,0,0,0,0,0,0,20140117,20140417
2621@1,1,1,1,1,1,0,0,20140117,20140417
270@3,0,0,0,0,0,0,1,20140117,20140417
2631@2,0,0,0,0,0,1,0,20140117,20140417
2631@5,0,0,0,0,0,0,0,20140117,20140417
2732@1,1,1,1,1,1,0,0,20140117,20140417
2675@1,1,1,1,1,1,0,0,20140117,20140417
M68@3,0,0,0,0,0,0,1,20140117,20140417
A68@1,1,1,1,1,1,0,0,20140117,20140417
2671@1,1,1,1,1,1,0,0,20140117,20140417
2813@3,0,0,0,0,0,0,1,20140117,20140417
A81@2,0,0,0,0,0,1,0,20140117,20140417
A81@5,0,0,0,0,0,0,0,20140117,20140417
03.11@2,0,0,0,0,0,1,0,20140117,20140417
347@3,0,0,0,0,0,0,1,20140117,20140417
A348@2,0,0,0,0,0,1,0,20140117,20140417
A360@5,0,0,0,0,0,0,0,20140117,20140417
3942@1,1,1,1,1,1,0,0,20140117,20140417
3944@1,1,1,1,1,1,0,0,20140117,20140417
395@1,1,1,1,1,1,0,0,20140117,20140417
A321@3,0,0,0,0,0,0,1,20140117,20140417
398@1,1,1,1,1,1,0,0,20140117,20140417
M98@3,0,0,0,0,0,0,1,20140117,20140417
430@2,0,0,0,0,0,1,0,20140117,20140417
430@5,0,0,0,0,0,0,0,20140117,20140417
431@3,0,0,0,0,0,0,1,20140117,20140417
436@5,0,0,0,0,0,0,0,20140117,20140417
492@1,1,1,1,1,1,0,0,20140117,20140417
50.11@5,0,0,0,0,0,0,0,20140117,20140417
510@2,0,0,0,0,0,1,0,20140117,20140417
520@3,0,0,0,0,0,0,1,20140117,20140417
624@2,0,0,0,0,0,1,0,20140117,20140417
624@5,0,0,0,0,0,0,0,20140117,20140417
727@1,1,1,1,1,1,0,0,20140117,20140417
631@3,0,0,0,0,0,0,1,20140117,20140417
831@2,0,0,0,0,0,1,0,20140117,20140417
731@2,0,0,0,0,0,1,0,20140117,20140417
637@1,1,1,1,1,1,0,0,20140117,20140417
656@5,0,0,0,0,0,0,0,20140117,20140417
662@3,0,0,0,0,0,0,1,20140117,20140417
661@3,0,0,0,0,0,0,1,20140117,20140417
B02@2,0,0,0,0,0,1,0,20140117,20140417
715@2,0,0,0,0,0,1,0,20140117,20140417
718@3,0,0,0,0,0,0,1,20140117,20140417
C2@3,0,0,0,0,0,0,1,20140117,20140417
C3@1,1,1,1,1,1,0,0,20140117,20140417
